Beginn der Messung
Messung 0
1.504
1.505
1.506
1.506
1.507
1.507
1.507
1.507
1.507
1.508
1.508
1.508
1.508
1.508
1.509
1.509
1.509
1.509
1.509
1.509
Messung 1
1.577
1.576
1.576
1.576
1.576
1.576
1.575
1.575
1.575
1.575
1.575
1.575
1.575
1.575
1.575
1.575
1.574
1.574
1.574
1.574
Messung 2
1.571
1.571
1.570
1.570
1.570
1.570
1.570
1.570
1.570
1.570
1.569
1.569
1.569
1.569
1.569
1.569
1.569
1.569
1.569
1.569
Messung 3
1.565
1.565
1.564
1.564
1.564
1.564
1.564
1.564
1.564
1.563
1.563
1.563
1.563
1.563
1.563
1.563
1.563
1.563
1.563
1.563
Messung 4
1.558
1.558
1.558
1.557
1.557
1.557
1.557
1.557
1.557
1.557
1.557
1.556
1.556
1.556
1.556
1.556
1.556
1.556
1.556
1.556
Messung 5
1.551
1.550
1.550
1.550
1.550
1.550
1.550
1.550
1.549
1.549
1.549
1.549
1.549
1.549
1.549
1.549
1.549
1.549
1.549
1.549
Messung 6
1.544
1.543
1.543
1.543
1.543
1.543
1.543
1.542
1.542
1.542
1.542
1.542
1.542
1.542
1.542
1.542
1.542
1.542
1.542
1.542
Messung 7
1.537
1.537
1.536
1.536
1.536
1.536
1.536
1.536
1.536
1.536
1.536
1.535
1.535
1.535
1.535
1.535
1.535
1.535
1.535
1.535
Messung 8
1.530
1.529
1.529
1.529
1.529
1.529
1.528
1.528
1.528
1.528
1.528
1.528
1.528
1.528
1.528
1.528
1.528
1.528
1.528
1.527
Messung 9
1.522
1.521
1.521
1.521
1.521
1.521
1.521
1.520
1.520
1.520
1.520
1.520
1.520
1.520
1.520
1.520
1.520
1.520
1.520
1.519
Messung 10
1.513
1.513
1.513
1.512
1.512
1.512
1.512
1.512
1.512
1.512
1.512
1.512
1.511
1.511
1.511
1.511
1.511
1.511
1.511
1.511
Messung 11
1.504
1.504
1.504
1.503
1.503
1.503
1.503
1.503
1.503
1.503
1.503
1.502
1.502
1.502
1.502
1.502
1.502
1.502
1.502
1.502
Messung 12
1.494
1.494
1.494
1.494
1.493
1.493
1.493
1.493
1.493
1.493
1.493
1.493
1.493
1.493
1.492
1.492
1.492
1.492
1.492
1.492
Messung 13
1.484
1.483
1.483
1.483
1.483
1.483
1.483
1.482
1.482
1.482
1.482
1.482
1.482
1.482
1.482
1.482
1.482
1.482
1.482
1.481
Messung 14
1.472
1.472
1.471
1.471
1.471
1.471
1.471
1.471
1.471
1.470
1.470
1.470
1.470
1.470
1.470
1.470
1.470
1.470
1.470
1.470
Messung 15
1.459
1.459
1.459
1.458
1.458
1.458
1.458
1.458
1.458
1.458
1.457
1.457
1.457
1.457
1.457
1.457
1.457
1.457
1.457
1.457
Messung 16
1.444
1.444
1.444
1.444
1.443
1.443
1.443
1.443
1.443
1.443
1.443
1.443
1.443
1.442
1.442
1.442
1.442
1.442
1.442
1.442
Messung 17
1.426
1.426
1.426
1.425
1.425
1.425
1.425
1.425
1.425
1.425
1.424
1.424
1.424
1.424
1.424
1.424
1.424
1.424
1.424
1.424
Messung 18
1.399
1.399
1.399
1.398
1.398
1.398
1.398
1.398
1.398
1.397
1.397
1.397
1.397
1.397
1.397
1.397
1.397
1.397
1.397
1.397
Messung 19
1.256
1.255
1.255
1.255
1.255
1.255
1.255
1.255
1.255
1.255
1.255
1.255
1.255
1.255
1.255
1.255
1.255
1.255
1.255
1.255
Batterie kann keine 350mA mehr liefern
Zusammenfassung:
1.507
1.575
1.570
1.564
1.557
1.549
1.542
1.536
1.528
1.520
1.512
1.503
1.493
1.482
1.471
1.458
1.443
1.425
1.398
1.255
Messung beendet
